POTTER,HAIRY,,,,,
BSAPHY,,,,,,
2019-76767,,,,,,
CRSE NO.,Grade,Units,Enrolled,Term,,
PHYS 101,1,4,4,4,,
CHEM 18,1,3,3,7,,
CHEM 18.1,1.25,2,2.5,9.5,,
MATH 27,1.25,3,3.75,13.25,,
ARTS 1,1.5,3,4.5,17.75,,
KAS 1,1,3,3,20.75,,
HK 11,1.25,0,0,20.75,18,l/19/20
PHYS 102,1,4,0,20.75,,
PHYS 111,1,4,0,20.75,,
MATH 28,1,3,0,20.75,,
COMA 150,1,3,0,20.75,,
WIKA 1,1,3,0,20.75,,
HK 12,1.25,0,0,20.75,17,Il/19/20
APHY 10.1,1.25,1,1.25,22,,
APHY 101,1,3,3,25,,
PHYS 103,1,4,4,29,,
PHYS 112,1,4,4,33,,
ETHICS 1,1,3,3,36,,
MATH 10,1,3,3,39,,
HK 12,1.75,0,0,39,,
NSTP 1,1.75,0,0,39,18,l/20/21
PHYS 104,1,4,4,43,,
PHYS 113,1,4,4,47,,
PHYS 121,1.25,3,3.75,50.75,,
PHYS 131,1,3,3,53.75,,
SAS 1,1,3,3,56.75,,
HK 12,3,0,0,56.75,,
NSTP 2,1.75,0,0,56.75,17,ll/20/21
APHY 102,1.5,3,4.5,61.25,,
PHYS 115,1,4,4,65.25,,
PHYS 122,1,3,3,68.25,,
PHYS 132,1.75,3,5.25,73.5,,
PHYS 192.1,1,2,2,75.5,,
PI 10,1,3,3,78.5,18,l/21/22
PHYS 141,1,3,3,81.5,,
PHYS 151,1.25,3,3.75,85.25,,
PHYS 165,1.5,3,4.5,89.75,,
PHYS 195,1.25,3,3.75,93.5,,
COMM 10,1.75,3,5.25,98.75,,
ELECTIVE 1,1.75,3,5.25,104,18,ll/21/22
APHY 198,1,3,3,107,3,M/21/22
APHY 200,S,3,0,107,,
PHYS 142,1,3,3,110,,
ELECTIVE 2,1.75,3,5.25,115.25,,
ELECTIVE 3,2,3,6,121.25,,
ELECTIVE 4,1,3,3,124.25,,
GENELEC 1,1.5,3,4.5,128.75,18,l/22/23
APHY 191,1.5,3,4.5,133.25,,
APHY 199,S,1,0,133.25,,
APHY 200,1,3,6,139.25,,
STS 1,1.75,3,5.25,144.5,,
ELECTIVE 5,1,3,3,147.5,,
GENELEC 2,1.75,3,5.25,152.75,16,ll/22/23
,143,,,152.75,,
GWA,1.222,,,,,
143,,,,,,