WHISTLE,RON,,,,,
BSCHEM,,,,,,
2022-53342,,,,,,
CRSE NO.,Grade,Units,Enrolled,Term,,
CHEM 18,3,3,9,9,,
CHEM 18.1,3,2,6,15,,
MCB 11,1.25,3,3.75,18.75,,
MATH 27,3,3,9,27.75,,
ETHICS 1,1.75,3,5.25,33,,
HIST 1,1,3,3,36,,
HK 11,1.25,0,0,36,17,l/19/20
CHEM 19,1.5,3,0,36,,
CHEM 32,1.5,3,0,36,,
CHEM 32.1,2,2,0,36,,
PHYS 71,2,4,0,36,,
PHYS 71.1,1,1,0,36,,
ARTS 1,1,3,0,36,,
HK 12,1.25,0,0,36,,
NSTP 1,1.25,0,0,36,16,Il/19/20
SAS 1,1,3,3,39,,
MATH 28,1.25,3,3.75,42.75,6,M/19/20
CHEM 43,1.25,3,3.75,46.5,,
CHEM 43.1,2,2,4,50.5,,
PHYS 72,2.25,4,9,59.5,,
PHYS 72.1,1.75,1,1.75,61.25,,
CMSC 12,2,3,6,67.25,,
WIKA 1,1.75,3,5.25,72.5,,
HK 12,1,0,0,72.5,,
NSTP 2,1.75,0,0,72.5,16,l/20/21
CHEM 44,1.25,3,3.75,76.25,,
CHEM 44.1,2,2,4,80.25,,
CHEM 111,1.75,3,5.25,85.5,,
STAT 162,1.5,3,4.5,90,,
PI 10,2.25,3,6.75,96.75,,
MATH 10,2.25,3,6.75,103.5,,
HK 12,1.75,0,0,103.5,17,ll/20/21
CHEM 161a,2.75,3,8.25,111.75,,
CHEM 192,1.75,3,5.25,117,6,M/20/21
CHEM 111.1,2,2,4,121,,
CHEM 112,1,3,3,124,,
CHEM 137,2,3,6,130,,
CHEM 140,1.75,4,7,137,,
CHEM 161b,1,3,3,140,,
COMM 10,1,3,3,143,18,l/21/22
CHEM 112.1,1,2,2,145,,
CHEM 115,2.25,3,6.75,151.75,,
CHEM 137.1,2,2,4,155.75,,
CHEM 161.1,1.25,2,2.5,158.25,,
CHEM 180,1.75,3,5.25,163.5,,
ELECTIVE 1,1.75,3,5.25,168.75,15,ll/21/22
CHEM 198,1,3,3,171.75,3,M/21/22
CHEM 120,1.5,3,4.5,176.25,,
CHEM 131,2.5,4,10,186.25,,
CHEM 200,S,3,0,186.25,,
GENELEC 1,2.25,3,6.75,193,,
STS 1,1.25,3,3.75,196.75,16,l/22/23
CHEM 120.1,2.25,2,4.5,201.25,,
CHEM 171,1.5,3,4.5,205.75,,
CHEM 199,S,1,0,205.75,,
CHEM 200,1.75,3,10.5,216.25,,
ELECTIVE 2,3,3,9,225.25,12,ll/22/23
,142,,,225.25,,
GWA,1.802,,,,,
142,,,,,,