LAW,MURPHY,,,,,,
BSACHM,,,,,,,
2021-12314,,,,,,,
CRSE NO.,Grade,Units,Enrolled,Term,,,
CHEM 18,1.25,3,3.75,3.75,,,
CHEM 18.1,1.75,2,3.5,7.25,,,
MCB 11,2,3,6,13.25,,,
MATH 27,1,3,3,16.25,,,
ETHICS 1,1,3,3,19.25,,,
KAS 1,1.25,3,3.75,23,,,
HK 11,1.5,0,0,23,17,l/19/20,
CHEM 19,1.5,3,0,23,,,
MATH 28,1.5,3,0,23,,,
BIO 30,2,3,0,23,,,
AGRI 31,2,3,0,23,,,
ARTS 1,2.5,3,0,23,,, 
HUM 3,1.25,3,0,23,,,
HK 12,1.25,0,0,23,18,Il/19/20,
CHEM 32,2,3,6,29,,,
CHEM 32.1,1.75,2,3.5,32.5,,,
PHYS 71,1.75,4,7,39.5,,,
PHYS 71.1,2,1,2,41.5,,,
BOT 20,1.75,3,5.25,46.75,,,
CMSC 12,1.75,3,5.25,52,,,
PI 10,1.25,3,3.75,55.75,,,
NSTP 1,2,0,0,55.75,,,
HK 12,1.75,0,0,55.75,19,l/20/21,
CHEM 43,1.5,3,4.5,60.25,,,
CHEM 43.1,2.25,2,4.5,64.75,,,
PHYS 72,1.75,4,7,71.75,,,
PHYS 72.1,3,1,3,74.75,,,
AGRI 21,1.75,3,5.25,80,,,
AGRI 32,2,3,6,86,,,
ECON 11,1,3,3,89,,,
HK 13,2,0,0,89,,,
NSTP 2,1.75,0,0,89,19,ll/20/21,
CHEM 44,1,3,3,92,,,
CHEM 44.1,2.25,2,4.5,96.5,,,
STAT 162,1,3,3,99.5,,,
AGRI 22,2,3,6,105.5,,,
AAE 111,2.25,3,6.75,112.25,,,
AGRI 61,2,3,6,118.25,,,
SCIENCE 11,1.25,3,3.75,122,20,l/17/18,
CHEM 111,2,3,6,128,,,does not add up w curriculum
CHEM 131,1.75,4,7,135,,,
CHEM 140,1.75,4,7,142,,,
CHEM 161a,1.25,4,5,147,,,*edited from S to 1.25
AGRI 51,1.75,3,5.25,152.25,,,
AGRI 41,2.25,3,6.75,159,21,ll/17/18,
CHEM 111.1,1.5,2,3,162,,,
CHEM 112,2.75,3,8.25,170.25,,,
CHEM 137,1.5,3,4.5,174.75,,,
CHEM 161b,1.25,3,3.75,178.5,,,
CHEM 192,1,3,3,181.5,,,
AGRI 42,1.75,3,5.25,186.75,,,
SPECIAL 1,1.75,3,5.25,192,20,l/18/19,
CHEM 112.1,2,2,4,196,,,
CHEM 115,3,3,9,205,,,
CHEM 137.1,2.25,2,4.5,209.5,,,
CHEM 161.1,1.75,2,3.5,213,,,
COMM 10,1.5,3,4.5,217.5,,,
SPECIAL 2,1,3,3,220.5,,,
SPECIAL 3,1.25,3,3.75,224.25,18,l/18/19,
CHEM 198,2,3,6,230.25,3,M/18/19,
CHEM 133,2,4,8,238.25,,,
CHEM 120,3,3,9,247.25,,,
CHEM 199,S,1,0,247.25,,,
AGRI 171,1.75,3,5.25,252.5,,,
ACHM 200,S,3,0,252.5,,,
STS 1,1,3,3,255.5,,,
SPECIAL 4,1.25,3,3.75,259.25,20,l/18/19,
CHEM 180,2,3,6,265.25,,,
CHEM 185,2,3,6,271.25,,,
AGRI 199,S,1,0,271.25,,,
ACHM 200,2.25,3,13.5,284.75,,,
PHLO 1,1.75,3,5.25,290,,,
SPECIAL 5,1.5,3,4.5,294.5,16,l/18/19,
,191,,,294.5,,,
GWA,1.722222222,,,,,,
190,,,,,,,